{"IIII" : -0.25885, 
"ZIII" : -0.20735, 
"IZII" :  0.07056, 
"ZZII" :  0.05983, 
"IIZI" : -0.20735, 
"ZIZI" :  0.11176, 
"IZZI" :  0.07053, 
"IIIZ" :  0.07056, 
"ZIIZ" :  0.07053, 
"IZIZ" :  0.15994, 
"IIZZ" :  0.05983, 
"XXII" :  0.03391, 
"YYII" :  0.03391, 
"XXZI" : -0.00878, 
"YYZI" : -0.00878, 
"XXIZ" :  0.02513, 
"YYIZ" :  0.02513, 
"IIXX" :  0.03391, 
"ZIXX" : -0.00878, 
"IZXX" :  0.02513, 
"IIYY" :  0.03391, 
"ZIYY" : -0.00878, 
"IZYY" :  0.02513, 
"XXXX" :  0.01069, 
"YYXX" :  0.01069, 
"XXYY" :  0.01069, 
"YYYY" :  0.01069}
