{"IIYX" :  1.12045,
"IIXY" : -1.12045,
"YXII" :  0.93378,
"XYII" : -0.93378,
"YXXX" :  0.12216,
"XYXX" : -0.12216,
"XXYX" :  0.12216,
"YYYX" :  0.12216,
"XXXY" : -0.12216,
"YYXY" : -0.12216,
"YXYY" :  0.12216,
"XYYY" : -0.12216}
