{"IIYX" :  0.47504,
"IIXY" : -0.47504,
"YXII" : -0.07568,
"XYII" :  0.07568,
"YXXX" :  0.01290,
"XYXX" : -0.01290,
"XXYX" :  0.01290,
"YYYX" :  0.01290,
"XXXY" : -0.01290,
"YYXY" : -0.01290,
"YXYY" :  0.01290,
"XYYY" : -0.01290}
