{"IIIIYX" :  0.88203,
"IIIIXY" : -0.88203,
"IIIYZX" :  0.20008,
"IIIXZY" : -0.20008,
"IYXIII" :  0.48937,
"IXYIII" : -0.48937,
"YZXIII" :  1.12045,
"XZYIII" : -1.12045,
"IYXIXX" : -0.23344,
"IXYIXX" :  0.23344,
"IXXIYX" : -0.23344,
"IYYIYX" : -0.23344,
"IXXIXY" :  0.23344,
"IYYIXY" :  0.23344,
"IYXIYY" : -0.23344,
"IXYIYY" :  0.23344,
"YZXIXX" :  0.12216,
"XZYIXX" : -0.12216,
"XZXIYX" :  0.12216,
"YZYIYX" :  0.12216,
"XZXIXY" : -0.12216,
"YZYIXY" : -0.12216,
"YZXIYY" :  0.12216,
"XZYIYY" : -0.12216,
"IYXXZX" : -0.11876,
"IXYXZX" :  0.11876,
"IXXYZX" : -0.11876,
"IYYYZX" : -0.11876,
"IXXXZY" :  0.11876,
"IYYXZY" :  0.11876,
"IYXYZY" : -0.11876,
"IXYYZY" :  0.11876,
"YZXXZX" :  0.01892,
"XZYXZX" : -0.01892,
"XZXYZX" :  0.01892,
"YZYYZX" :  0.01892,
"XZXXZY" : -0.01892,
"YZYXZY" : -0.01892,
"YZXYZY" :  0.01892,
"XZYYZY" : -0.01892}
