{"IIIIYX" : -0.05161,
"IIIIXY" :  0.05161,
"IIIYZX" :  0.20530,
"IIIXZY" : -0.20530,
"IYXIII" :  0.07202,
"IXYIII" : -0.07202,
"YZXIII" :  0.72714,
"XZYIII" : -0.72714,
"IYXIXX" : -0.09513,
"IXYIXX" :  0.09513,
"IXXIYX" : -0.09513,
"IYYIYX" : -0.09513,
"IXXIXY" :  0.09513,
"IYYIXY" :  0.09513,
"IYXIYY" : -0.09513,
"IXYIYY" :  0.09513,
"YZXIXX" : -0.01521,
"XZYIXX" :  0.01521,
"XZXIYX" : -0.01521,
"YZYIYX" : -0.01521,
"XZXIXY" :  0.01521,
"YZYIXY" :  0.01521,
"YZXIYY" : -0.01521,
"XZYIYY" :  0.01521,
"IYXXZX" : -0.05548,
"IXYXZX" :  0.05548,
"IXXYZX" : -0.05548,
"IYYYZX" : -0.05548,
"IXXXZY" :  0.05548,
"IYYXZY" :  0.05548,
"IYXYZY" : -0.05548,
"IXYYZY" :  0.05548,
"YZXXZX" : -0.04171,
"XZYXZX" :  0.04171,
"XZXYZX" : -0.04171,
"YZYYZX" : -0.04171,
"XZXXZY" :  0.04171,
"YZYXZY" :  0.04171,
"YZXYZY" : -0.04171,
"XZYYZY" :  0.04171}
