{"IIIIIYZX" :  1.13488,
"IIIIIXZY" : -1.13488,
"IIIIYZZX" : -0.72718,
"IIIIXZZY" :  0.72718,
"IIIIIYXI" :  0.02288,
"IIIIIXYI" : -0.02288,
"IIIIYZXI" : -0.09359,
"IIIIXZYI" :  0.09359,
"IYZXIIII" :  0.76639,
"IXZYIIII" : -0.76639,
"YZZXIIII" :  0.73468,
"XZZYIIII" : -0.73468,
"IYXIIIII" :  0.07747,
"IXYIIIII" : -0.07747,
"YZXIIIII" :  0.18908,
"XZYIIIII" : -0.18908,
"IYZXIXZX" :  0.11097,
"IXZYIXZX" : -0.11097,
"IXZXIYZX" :  0.11097,
"IYZYIYZX" :  0.11097,
"IXZXIXZY" : -0.11097,
"IYZYIXZY" : -0.11097,
"IYZXIYZY" :  0.11097,
"IXZYIYZY" : -0.11097,
"YZZXIXZX" :  0.24760,
"XZZYIXZX" : -0.24760,
"XZZXIYZX" :  0.24760,
"YZZYIYZX" :  0.24760,
"XZZXIXZY" : -0.24760,
"YZZYIXZY" : -0.24760,
"YZZXIYZY" :  0.24760,
"XZZYIYZY" : -0.24760,
"IYXIIXZX" :  0.04349,
"IXYIIXZX" : -0.04349,
"IXXIIYZX" :  0.04349,
"IYYIIYZX" :  0.04349,
"IXXIIXZY" : -0.04349,
"IYYIIXZY" : -0.04349,
"IYXIIYZY" :  0.04349,
"IXYIIYZY" : -0.04349,
"YZXIIXZX" : -0.01954,
"XZYIIXZX" :  0.01954,
"XZXIIYZX" : -0.01954,
"YZYIIYZX" : -0.01954,
"XZXIIXZY" :  0.01954,
"YZYIIXZY" :  0.01954,
"YZXIIYZY" : -0.01954,
"XZYIIYZY" :  0.01954,
"IYZXXZZX" : -0.15379,
"IXZYXZZX" :  0.15379,
"IXZXYZZX" : -0.15379,
"IYZYYZZX" : -0.15379,
"IXZXXZZY" :  0.15379,
"IYZYXZZY" :  0.15379,
"IYZXYZZY" : -0.15379,
"IXZYYZZY" :  0.15379,
"YZZXXZZX" : -0.15030,
"XZZYXZZX" :  0.15030,
"XZZXYZZX" : -0.15030,
"YZZYYZZX" : -0.15030,
"XZZXXZZY" :  0.15030,
"YZZYXZZY" :  0.15030,
"YZZXYZZY" : -0.15030,
"XZZYYZZY" :  0.15030,
"IYXIXZZX" :  0.04842,
"IXYIXZZX" : -0.04842,
"IXXIYZZX" :  0.04842,
"IYYIYZZX" :  0.04842,
"IXXIXZZY" : -0.04842,
"IYYIXZZY" : -0.04842,
"IYXIYZZY" :  0.04842,
"IXYIYZZY" : -0.04842,
"YZXIXZZX" :  0.03779,
"XZYIXZZX" : -0.03779,
"XZXIYZZX" :  0.03779,
"YZYIYZZX" :  0.03779,
"XZXIXZZY" : -0.03779,
"YZYIXZZY" : -0.03779,
"YZXIYZZY" :  0.03779,
"XZYIYZZY" : -0.03779,
"IYZXIXXI" :  0.13107,
"IXZYIXXI" : -0.13107,
"IXZXIYXI" :  0.13107,
"IYZYIYXI" :  0.13107,
"IXZXIXYI" : -0.13107,
"IYZYIXYI" : -0.13107,
"IYZXIYYI" :  0.13107,
"IXZYIYYI" : -0.13107,
"YZZXIXXI" :  0.17750,
"XZZYIXXI" : -0.17750,
"XZZXIYXI" :  0.17750,
"YZZYIYXI" :  0.17750,
"XZZXIXYI" : -0.17750,
"YZZYIXYI" : -0.17750,
"YZZXIYYI" :  0.17750,
"XZZYIYYI" : -0.17750,
"IYXIIXXI" :  0.21328,
"IXYIIXXI" : -0.21328,
"IXXIIYXI" :  0.21328,
"IYYIIYXI" :  0.21328,
"IXXIIXYI" : -0.21328,
"IYYIIXYI" : -0.21328,
"IYXIIYYI" :  0.21328,
"IXYIIYYI" : -0.21328,
"YZXIIXXI" : -0.24385,
"XZYIIXXI" :  0.24385,
"XZXIIYXI" : -0.24385,
"YZYIIYXI" : -0.24385,
"XZXIIXYI" :  0.24385,
"YZYIIXYI" :  0.24385,
"YZXIIYYI" : -0.24385,
"XZYIIYYI" :  0.24385,
"IYZXXZXI" :  0.06371,
"IXZYXZXI" : -0.06371,
"IXZXYZXI" :  0.06371,
"IYZYYZXI" :  0.06371,
"IXZXXZYI" : -0.06371,
"IYZYXZYI" : -0.06371,
"IYZXYZYI" :  0.06371,
"IXZYYZYI" : -0.06371,
"YZZXXZXI" :  0.05476,
"XZZYXZXI" : -0.05476,
"XZZXYZXI" :  0.05476,
"YZZYYZXI" :  0.05476,
"XZZXXZYI" : -0.05476,
"YZZYXZYI" : -0.05476,
"YZZXYZYI" :  0.05476,
"XZZYYZYI" : -0.05476,
"IYXIXZXI" :  0.15660,
"IXYIXZXI" : -0.15660,
"IXXIYZXI" :  0.15660,
"IYYIYZXI" :  0.15660,
"IXXIXZYI" : -0.15660,
"IYYIXZYI" : -0.15660,
"IYXIYZYI" :  0.15660,
"IXYIYZYI" : -0.15660,
"YZXIXZXI" : -0.09719,
"XZYIXZXI" :  0.09719,
"XZXIYZXI" : -0.09719,
"YZYIYZXI" : -0.09719,
"XZXIXZYI" :  0.09719,
"YZYIXZYI" :  0.09719,
"YZXIYZYI" : -0.09719,
"XZYIYZYI" :  0.09719}
