{"IIIIII" :  0.69866, 
"ZIIIII" : -0.53952, 
"IZIIII" : -0.40203, 
"ZZIIII" :  0.08784, 
"IIZIII" : -0.07013, 
"ZIZIII" :  0.06862, 
"IZZIII" :  0.05983, 
"IIIZII" : -0.53952, 
"ZIIZII" :  0.12153, 
"IZIZII" :  0.10684, 
"IIZZII" :  0.07208, 
"IIIIZI" : -0.40203, 
"ZIIIZI" :  0.10684, 
"IZIIZI" :  0.11176, 
"IIZIZI" :  0.07053, 
"IIIZZI" :  0.08784, 
"IIIIIZ" : -0.07013, 
"ZIIIIZ" :  0.07208, 
"IZIIIZ" :  0.07053, 
"IIZIIZ" :  0.15994, 
"IIIZIZ" :  0.06862, 
"IIIIZZ" :  0.05983, 
"IXXIII" :  0.04968, 
"ZXXIII" : -0.00452, 
"IYYIII" :  0.04968, 
"ZYYIII" : -0.00452, 
"IXXZII" : -0.01125, 
"IYYZII" : -0.01125, 
"IXXIZI" : -0.00878, 
"IYYIZI" : -0.00878, 
"IXXIIZ" :  0.02513, 
"IYYIIZ" :  0.02513, 
"XXIXXI" :  0.01901, 
"YYIXXI" :  0.01901, 
"XXIYYI" :  0.01901, 
"YYIYYI" :  0.01901, 
"XZXXXI" :  0.00674, 
"YZYXXI" :  0.00674, 
"XZXYYI" :  0.00674, 
"YZYYYI" :  0.00674, 
"XXIXZX" :  0.00674, 
"YYIXZX" :  0.00674, 
"XXIYZY" :  0.00674, 
"YYIYZY" :  0.00674, 
"XZXXZX" :  0.00347, 
"YZYXZX" :  0.00347, 
"XZXYZY" :  0.00347, 
"YZYYZY" :  0.00347, 
"IIIIXX" :  0.04968, 
"ZIIIXX" : -0.01125, 
"IZIIXX" : -0.00878, 
"IIZIXX" :  0.02513, 
"IIIZXX" : -0.00452, 
"IIIIYY" :  0.04968, 
"ZIIIYY" : -0.01125, 
"IZIIYY" : -0.00878, 
"IIZIYY" :  0.02513, 
"IIIZYY" : -0.00452, 
"IXXIXX" :  0.01069, 
"IYYIXX" :  0.01069, 
"IXXIYY" :  0.01069, 
"IYYIYY" :  0.01069}
