doci_energy: -1.0457831445498011
fci_energy: -1.0457831445498011
hf_energy: -0.9891138140908916
