doci_energy: -1.1011503302326189
fci_energy: -1.10115033023262
hf_energy: -1.0661086493179366
