doci_energy: -1.1371170673457325
fci_energy: -1.1371170673457325
hf_energy: -1.1161514489386022
