doci_energy: -1.101150330232619
fci_energy: -1.1011503302326187
hf_energy: -1.0661086493179366
