doci_energy: -3.170861321033618
fci_energy: -3.2360662798923334
hf_energy: -3.1355322139663198
