doci_energy: -3.011370147718809
fci_energy: -3.124986724322651
hf_energy: -2.9662018614290657
