doci_energy: -4.00063934347968
fci_energy: -4.1670044744136385
hf_energy: -3.958015172724078
