doci_energy: -4.109867706089972
fci_energy: -4.167414047319331
hf_energy: -4.0815811726722995
