doci_energy: -5.10112523043154
fci_energy: -5.180667158366846
hf_energy: -5.072331892067394
