doci_energy: -6.0926657876350205
fci_energy: -6.194627856364143
hf_energy: -6.06359727834754
