doci_energy: -5.982699573391445
fci_energy: -6.252096381357996
hf_energy: -5.942999842648204
