doci_energy: -6.287977606712026
fci_energy: -6.452815855391258
hf_energy: -6.254217482308498
