doci_energy: -8.076288353180047
fci_energy: -8.22378616525954
hf_energy: -8.046971675958524
