doci_energy: -7.966471912306567
fci_energy: -8.33773546267182
hf_energy: -7.928592237781704
