doci_energy: -8.368147684769536
fci_energy: -8.599288050677288
hf_energy: -8.335175769057845
