doci_energy: -1.0457831445498007
fci_energy: -1.045783144549803
hf_energy: -0.9891138140908916
