doci_energy: -2.1288045079865525
fci_energy: -2.145110647186226
hf_energy: -2.103290822999875
