doci_energy: -7.327975140119943
fci_energy: -7.5259614682938505
hf_energy: -7.294620477820182
