{ "IIII" : -0.25885, 
 "ZIII" : -0.15124, 
 "IZII" : -0.05140, 
 "ZZII" : -0.05983, 
 "IIZI" :  0.18533, 
 "ZIZI" : -0.07232, 
 "IZZI" :  0.04560, 
 "IIIZ" :  0.06306, 
 "ZIIZ" :  0.04546, 
 "IZIZ" : -0.10305, 
 "IIZZ" : -0.05983, 
 "XXII" :  0.02091, 
 "YYII" :  0.02095, 
 "XXZI" :  0.00600, 
 "YYZI" :  0.00600, 
 "XXIZ" :  0.01719, 
 "YYIZ" :  0.01716, 
 "IIXX" :  0.01154, 
 "ZIXX" : -0.00396, 
 "IZXX" : -0.01124, 
 "IIYY" :  0.01157, 
 "ZIYY" : -0.00393, 
 "IZYY" : -0.01126, 
 "XXXX" :  0.00025, 
 "YYXX" :  0.00024, 
 "XXYY" :  0.00024, 
 "YYYY" :  0.00024}
