{"IIIIII" :  0.69866, 
"ZIIIII" :  0.28648, 
"IZIIII" : -0.30701,
"ZZIIII" : -0.06746,
"IIZIII" : -0.05382,
"ZIZIII" : -0.05232,
"IZZIII" :  0.03171,
"IIIZII" : -0.52847,
"ZIIZII" : -0.06661,
"IZIZII" :  0.08308,
"IIZZII" :  0.05401,
"IIIIZI" :  0.37153,
"ZIIIZI" :  0.06178,
"IZIIZI" : -0.09027,
"IIZIZI" : -0.04890,
"IIIZZI" : -0.08303,
"IIIIIZ" : -0.06632,
"ZIIIIZ" : -0.04046,
"IZIIIZ" :  0.05598,
"IIZIIZ" :  0.11387,
"IIIZIZ" :  0.06337,
"IIIIZZ" : -0.05859,
"IXXIII" :  0.00992,
"ZXXIII" : -0.00090,
"IYYIII" :  0.00984,
"ZYYIII" : -0.00089,
"IXXZII" : -0.00234,
"IYYZII" : -0.00233,
"IXXIZI" :  0.00180,
"IYYIZI" :  0.00180,
"IXXIIZ" :  0.00493,
"IYYIIZ" :  0.00492,
"XXIXXI" : -0.00270,
"YYIXXI" : -0.00267,
"XXIYYI" : -0.00272,
"YYIYYI" : -0.00267,
"XZXXXI" :  0.00046,
"YZYXXI" :  0.00046,
"XZXYYI" :  0.00047,
"YZYYYI" :  0.00046,
"XXIXZX" :  0.00017,
"YYIXZX" :  0.00017,
"XXIYZY" :  0.00017,
"YYIYZY" :  0.00017,
"XZXXZX" : -0.00001,
"YZYXZX" : -0.00002,
"XZXYZY" : -0.00001,
"YZYYZY" : -0.00002,
"IIIIXX" : -0.00221,
"ZIIIXX" : -0.00253,
"IZIIXX" :  0.00190,
"IIZIXX" : -0.00130,
"IIIZXX" :  0.00020,
"IIIIYY" : -0.00226,
"ZIIIYY" : -0.00254,
"IZIIYY" :  0.00193,
"IIZIYY" : -0.00128,
"IIIZYY" :  0.00020,
"IXXIXX" :  0.00109,
"IYYIXX" :  0.00111,
"IXXIYY" :  0.00110,
"IYYIYY" :  0.00109}
