{"IIYX" :  0.88203,
"IIXY" : -0.88203,
"YXII" :  0.20008,
"XYII" : -0.20008,
"YXXX" : -0.12234,
"XYXX" :  0.12234,
"XXYX" : -0.12234,
"YYYX" : -0.12234,
"XXXY" :  0.12234,
"YYXY" :  0.12234,
"YXYY" : -0.12234,
"XYYY" :  0.12234}
