{"IIIIYX" :  0.74704,
"IIIIXY" : -0.74704,
"IIIYZX" : -0.10258,
"IIIXZY" :  0.10258,
"IYXIII" :  0.15653,
"IXYIII" : -0.15653,
"YZXIII" : -0.42705,
"XZYIII" :  0.42705,
"IYXIXX" :  0.31912,
"IXYIXX" : -0.31912,
"IXXIYX" :  0.31912,
"IYYIYX" :  0.31912,
"IXXIXY" : -0.31912,
"IYYIXY" : -0.31912,
"IYXIYY" :  0.31912,
"IXYIYY" : -0.31912,
"YZXIXX" : -0.08170,
"XZYIXX" :  0.08170,
"XZXIYX" : -0.08170,
"YZYIYX" : -0.08170,
"XZXIXY" :  0.08170,
"YZYIXY" :  0.08170,
"YZXIYY" : -0.08170,
"XZYIYY" :  0.08170,
"IYXXZX" : -0.10805,
"IXYXZX" :  0.10805,
"IXXYZX" : -0.10805,
"IYYYZX" : -0.10805,
"IXXXZY" :  0.10805,
"IYYXZY" :  0.10805,
"IYXYZY" : -0.10805,
"IXYYZY" :  0.10805,
"YZXXZX" :  0.09277,
"XZYXZX" : -0.09277,
"XZXYZX" :  0.09277,
"YZYYZX" :  0.09277,
"XZXXZY" : -0.09277,
"YZYXZY" : -0.09277,
"YZXYZY" :  0.09277,
"XZYYZY" : -0.09277}
