{"IIIIIYZX" :  0.88203,
"IIIIIXZY" : -0.88203,
"IIIIYZZX" :  0.20008,
"IIIIXZZY" : -0.20008,
"IIIIIYXI" :  0.48937,
"IIIIIXYI" : -0.48937,
"IIIIYZXI" :  1.12045,
"IIIIXZYI" : -1.12045,
"IYZXIIII" :  0.93378,
"IXZYIIII" : -0.93378,
"YZZXIIII" : -0.48864,
"XZZYIIII" :  0.48864,
"IYXIIIII" :  0.47504,
"IXYIIIII" : -0.47504,
"YZXIIIII" : -0.07568,
"XZYIIIII" :  0.07568,
"IYZXIXZX" :  0.01290,
"IXZYIXZX" : -0.01290,
"IXZXIYZX" :  0.01290,
"IYZYIYZX" :  0.01290,
"IXZXIXZY" : -0.01290,
"IYZYIXZY" : -0.01290,
"IYZXIYZY" :  0.01290,
"IXZYIYZY" : -0.01290,
"YZZXIXZX" : -0.05132,
"XZZYIXZX" :  0.05132,
"XZZXIYZX" : -0.05132,
"YZZYIYZX" : -0.05132,
"XZZXIXZY" :  0.05132,
"YZZYIXZY" :  0.05132,
"YZZXIYZY" : -0.05132,
"XZZYIYZY" :  0.05132,
"IYXIIXZX" : -0.01801,
"IXYIIXZX" :  0.01801,
"IXXIIYZX" : -0.01801,
"IYYIIYZX" : -0.01801,
"IXXIIXZY" :  0.01801,
"IYYIIXZY" :  0.01801,
"IYXIIYZY" : -0.01801,
"IXYIIYZY" :  0.01801,
"YZXIIXZX" : -0.18178,
"XZYIIXZX" :  0.18178,
"XZXIIYZX" : -0.18178,
"YZYIIYZX" : -0.18178,
"XZXIIXZY" :  0.18178,
"YZYIIXZY" :  0.18178,
"YZXIIYZY" : -0.18178,
"XZYIIYZY" :  0.18178,
"IYZXXZZX" : -0.09513,
"IXZYXZZX" :  0.09513,
"IXZXYZZX" : -0.09513,
"IYZYYZZX" : -0.09513,
"IXZXXZZY" :  0.09513,
"IYZYXZZY" :  0.09513,
"IYZXYZZY" : -0.09513,
"IXZYYZZY" :  0.09513,
"YZZXXZZX" : -0.01521,
"XZZYXZZX" :  0.01521,
"XZZXYZZX" : -0.01521,
"YZZYYZZX" : -0.01521,
"XZZXXZZY" :  0.01521,
"YZZYXZZY" :  0.01521,
"YZZXYZZY" : -0.01521,
"XZZYYZZY" :  0.01521,
"IYXIXZZX" : -0.05548,
"IXYIXZZX" :  0.05548,
"IXXIYZZX" : -0.05548,
"IYYIYZZX" : -0.05548,
"IXXIXZZY" :  0.05548,
"IYYIXZZY" :  0.05548,
"IYXIYZZY" : -0.05548,
"IXYIYZZY" :  0.05548,
"YZXIXZZX" : -0.04171,
"XZYIXZZX" :  0.04171,
"XZXIYZZX" : -0.04171,
"YZYIYZZX" : -0.04171,
"XZXIXZZY" :  0.04171,
"YZYIXZZY" :  0.04171,
"YZXIYZZY" : -0.04171,
"XZYIYZZY" :  0.04171,
"IYZXIXXI" : -0.18676,
"IXZYIXXI" :  0.18676,
"IXZXIYXI" : -0.18676,
"IYZYIYXI" : -0.18676,
"IXZXIXYI" :  0.18676,
"IYZYIXYI" :  0.18676,
"IYZXIYYI" : -0.18676,
"IXZYIYYI" :  0.18676,
"YZZXIXXI" :  0.02564,
"XZZYIXXI" : -0.02564,
"XZZXIYXI" :  0.02564,
"YZZYIYXI" :  0.02564,
"XZZXIXYI" : -0.02564,
"YZZYIXYI" : -0.02564,
"YZZXIYYI" :  0.02564,
"XZZYIYYI" : -0.02564,
"IYXIIXXI" : -0.03913,
"IXYIIXXI" :  0.03913,
"IXXIIYXI" : -0.03913,
"IYYIIYXI" : -0.03913,
"IXXIIXYI" :  0.03913,
"IYYIIXYI" :  0.03913,
"IYXIIYYI" : -0.03913,
"IXYIIYYI" :  0.03913,
"YZXIIXXI" :  0.10676,
"XZYIIXXI" : -0.10676,
"XZXIIYXI" :  0.10676,
"YZYIIYXI" :  0.10676,
"XZXIIXYI" : -0.10676,
"YZYIIXYI" : -0.10676,
"YZXIIYYI" :  0.10676,
"XZYIIYYI" : -0.10676,
"IYZXXZXI" :  0.31912,
"IXZYXZXI" : -0.31912,
"IXZXYZXI" :  0.31912,
"IYZYYZXI" :  0.31912,
"IXZXXZYI" : -0.31912,
"IYZYXZYI" : -0.31912,
"IYZXYZYI" :  0.31912,
"IXZYYZYI" : -0.31912,
"YZZXXZXI" : -0.08170,
"XZZYXZXI" :  0.08170,
"XZZXYZXI" : -0.08170,
"YZZYYZXI" : -0.08170,
"XZZXXZYI" :  0.08170,
"YZZYXZYI" :  0.08170,
"YZZXYZYI" : -0.08170,
"XZZYYZYI" :  0.08170,
"IYXIXZXI" : -0.10805,
"IXYIXZXI" :  0.10805,
"IXXIYZXI" : -0.10805,
"IYYIYZXI" : -0.10805,
"IXXIXZYI" :  0.10805,
"IYYIXZYI" :  0.10805,
"IYXIYZYI" : -0.10805,
"IXYIYZYI" :  0.10805,
"YZXIXZXI" :  0.09277,
"XZYIXZXI" : -0.09277,
"XZXIYZXI" :  0.09277,
"YZYIYZXI" :  0.09277,
"XZXIXZYI" : -0.09277,
"YZYIXZYI" : -0.09277,
"YZXIYZYI" :  0.09277,
"XZYIYZYI" : -0.09277}
