{"IIIIIYZX" : -0.80695,
"IIIIIXZY" :  0.80695,
"IIIIYZZX" : -0.10637,
"IIIIXZZY" :  0.10637,
"IIIIIYXI" : -0.44773,
"IIIIIXYI" :  0.44773,
"IIIIYZXI" :  0.19345,
"IIIIXZYI" : -0.19345,
"IYZXIIII" : -0.25540,
"IXZYIIII" :  0.25540,
"YZZXIIII" : -0.59032,
"XZZYIIII" :  0.59032,
"IYXIIIII" : -0.01409,
"IXYIIIII" :  0.01409,
"YZXIIIII" :  0.21417,
"XZYIIIII" : -0.21417,
"IYZXIXZX" : -0.00831,
"IXZYIXZX" :  0.00831,
"IXZXIYZX" : -0.00831,
"IYZYIYZX" : -0.00831,
"IXZXIXZY" :  0.00831,
"IYZYIXZY" :  0.00831,
"IYZXIYZY" : -0.00831,
"IXZYIYZY" :  0.00831,
"YZZXIXZX" : -0.03781,
"XZZYIXZX" :  0.03781,
"XZZXIYZX" : -0.03781,
"YZZYIYZX" : -0.03781,
"XZZXIXZY" :  0.03781,
"YZZYIXZY" :  0.03781,
"YZZXIYZY" : -0.03781,
"XZZYIYZY" :  0.03781,
"IYXIIXZX" :  0.07929,
"IXYIIXZX" : -0.07929,
"IXXIIYZX" :  0.07929,
"IYYIIYZX" :  0.07929,
"IXXIIXZY" : -0.07929,
"IYYIIXZY" : -0.07929,
"IYXIIYZY" :  0.07929,
"IXYIIYZY" : -0.07929,
"YZXIIXZX" :  0.04534,
"XZYIIXZX" : -0.04534,
"XZXIIYZX" :  0.04534,
"YZYIIYZX" :  0.04534,
"XZXIIXZY" : -0.04534,
"YZYIIXZY" : -0.04534,
"YZXIIYZY" :  0.04534,
"XZYIIYZY" : -0.04534,
"IYZXXZZX" :  0.08406,
"IXZYXZZX" : -0.08406,
"IXZXYZZX" :  0.08406,
"IYZYYZZX" :  0.08406,
"IXZXXZZY" : -0.08406,
"IYZYXZZY" : -0.08406,
"IYZXYZZY" :  0.08406,
"IXZYYZZY" : -0.08406,
"YZZXXZZX" :  0.04494,
"XZZYXZZX" : -0.04494,
"XZZXYZZX" :  0.04494,
"YZZYYZZX" :  0.04494,
"XZZXXZZY" : -0.04494,
"YZZYXZZY" : -0.04494,
"YZZXYZZY" :  0.04494,
"XZZYYZZY" : -0.04494,
"IYXIXZZX" :  0.10164,
"IXYIXZZX" : -0.10164,
"IXXIYZZX" :  0.10164,
"IYYIYZZX" :  0.10164,
"IXXIXZZY" : -0.10164,
"IYYIXZZY" : -0.10164,
"IYXIYZZY" :  0.10164,
"IXYIYZZY" : -0.10164,
"YZXIXZZX" :  0.21579,
"XZYIXZZX" : -0.21579,
"XZXIYZZX" :  0.21579,
"YZYIYZZX" :  0.21579,
"XZXIXZZY" : -0.21579,
"YZYIXZZY" : -0.21579,
"YZXIYZZY" :  0.21579,
"XZYIYZZY" : -0.21579,
"IYZXIXXI" : -0.02218,
"IXZYIXXI" :  0.02218,
"IXZXIYXI" : -0.02218,
"IYZYIYXI" : -0.02218,
"IXZXIXYI" :  0.02218,
"IYZYIXYI" :  0.02218,
"IYZXIYYI" : -0.02218,
"IXZYIYYI" :  0.02218,
"YZZXIXXI" :  0.05022,
"XZZYIXXI" : -0.05022,
"XZZXIYXI" :  0.05022,
"YZZYIYXI" :  0.05022,
"XZZXIXYI" : -0.05022,
"YZZYIXYI" : -0.05022,
"YZZXIYYI" :  0.05022,
"XZZYIYYI" : -0.05022,
"IYXIIXXI" :  0.20377,
"IXYIIXXI" : -0.20377,
"IXXIIYXI" :  0.20377,
"IYYIIYXI" :  0.20377,
"IXXIIXYI" : -0.20377,
"IYYIIXYI" : -0.20377,
"IYXIIYYI" :  0.20377,
"IXYIIYYI" : -0.20377,
"YZXIIXXI" : -0.05785,
"XZYIIXXI" :  0.05785,
"XZXIIYXI" : -0.05785,
"YZYIIYXI" : -0.05785,
"XZXIIXYI" :  0.05785,
"YZYIIXYI" :  0.05785,
"YZXIIYYI" : -0.05785,
"XZYIIYYI" :  0.05785,
"IYZXXZXI" :  0.11341,
"IXZYXZXI" : -0.11341,
"IXZXYZXI" :  0.11341,
"IYZYYZXI" :  0.11341,
"IXZXXZYI" : -0.11341,
"IYZYXZYI" : -0.11341,
"IYZXYZYI" :  0.11341,
"IXZYYZYI" : -0.11341,
"YZZXXZXI" : -0.00649,
"XZZYXZXI" :  0.00649,
"XZZXYZXI" : -0.00649,
"YZZYYZXI" : -0.00649,
"XZZXXZYI" :  0.00649,
"YZZYXZYI" :  0.00649,
"YZZXYZYI" : -0.00649,
"XZZYYZYI" :  0.00649,
"IYXIXZXI" : -0.09114,
"IXYIXZXI" :  0.09114,
"IXXIYZXI" : -0.09114,
"IYYIYZXI" : -0.09114,
"IXXIXZYI" :  0.09114,
"IYYIXZYI" :  0.09114,
"IYXIYZYI" : -0.09114,
"IXYIYZYI" :  0.09114,
"YZXIXZXI" : -0.01612,
"XZYIXZXI" :  0.01612,
"XZXIYZXI" : -0.01612,
"YZYIYZXI" : -0.01612,
"XZXIXZYI" :  0.01612,
"YZYIXZYI" :  0.01612,
"YZXIYZYI" : -0.01612,
"XZYIYZYI" :  0.01612}
