doci_energy: -1.1371170673457311
fci_energy: -1.137117067345734
hf_energy: -1.1161514489386022
