doci_energy: -2.023760814095106
fci_energy: -2.083935635645076
hf_energy: -1.9757006727788238
