doci_energy: -2.1339866470704942
fci_energy: -2.166387448634783
hf_energy: -2.098545936997718
