doci_energy: -2.1339866470704916
fci_energy: -2.1663874486347554
hf_energy: -2.0985459369977155
