doci_energy: -2.1288045079865534
fci_energy: -2.145110647186196
hf_energy: -2.103290822999875
