doci_energy: -3.17086132103362
fci_energy: -3.2360662798923894
hf_energy: -3.1355322139663215
