doci_energy: -3.0113701477188064
fci_energy: -3.124986724322748
hf_energy: -2.9662018614290675
