doci_energy: -3.119094151639039
fci_energy: -3.155304800476553
hf_energy: -3.0916972640398335
