doci_energy: -3.1190941516390347
fci_energy: -3.1553048004765425
hf_energy: -3.0916972640398352
