doci_energy: -4.2091061539839725
fci_energy: -4.3075716020067505
hf_energy: -4.174369810389158
