doci_energy: -4.991428285314832
fci_energy: -5.209442194744682
hf_energy: -4.950376732626303
