doci_energy: -5.248325273862612
fci_energy: -5.3799547460599495
hf_energy: -5.214068803028274
