doci_energy: -6.974489864857256
fci_energy: -7.294876185852667
hf_energy: -6.935758727444414
