doci_energy: -7.084414257618491
fci_energy: -7.209049696074953
hf_energy: -7.05518164249731
