doci_energy: -1.1371170673457314
fci_energy:  -1.1371170673457338
