doci_energy: -1.101150330232619
fci_energy:  -1.1011503302326209
