doci_energy: -1.0457831445498011
fci_energy:  -1.0457831445498003
