doci_energy: -2.128804507986551
fci_energy: -2.145110647186217
hf_energy: -2.103290822999873
