doci_energy: -2.133986647070493
fci_energy: -2.1663874486347554
hf_energy: -2.0985459369977173
