doci_energy: -2.1339866470704902
fci_energy:  -2.1663874486347585
