doci_energy: -2.0237608140951036
fci_energy:  -2.0839356356450756
