doci_energy: -2.023760814095103
fci_energy: -2.083935635645077
hf_energy: -1.9757006727788233
