doci_energy: -2.1339866470704925
fci_energy: -2.166387448634763
hf_energy: -2.0985459369977173
