doci_energy: -2.128804507986548
fci_energy:  -2.1451106471862036
