doci_energy: -2.128804507986549
fci_energy: -2.1451106471862142
hf_energy: -2.103290822999875
