doci_energy: -2.023760814095105
fci_energy: -2.0839356356450702
hf_energy: -1.9757006727788229
