doci_energy: -3.170861321033624
fci_energy: -3.236066279892383
hf_energy: -3.135532213966317
