doci_energy: -3.1190941516390396
fci_energy: -3.155304800476549
hf_energy: -3.0916972640398352
